Age,Years_from_parents_death,CompFactor8,CompFactor6,Expenditure_gap,factor8_yield,factor6_yield
3,47,37.2,15.5,15000,558000,232500
4,46,34.5,14.6,10000,345000,146000
5,45,31.9,13.8,22500,717750,10500
6,44,29.6,13,22500,666000,292500
7,43,27.4,12.3,22500,616500,276750
8,42,25.3,11.6,22500,569250,261000
9,41,23.5,10.9,22500,528750,245250
10,40,21.7,10.3,22500,488250,231750
11,39,20.1,9.7,22500,452250,218250
12,38,18.6,9.2,57500,1069500,529000
13,37,17.2,8.6,57500,989000,494500
14,36,16.0,8.1,57500,920000,465750
15,35,14.8,7.7,57500,851000,442750
16,34,13.7,7.3,57500,787750,419750
17,33,12.7,6.8,57500,730250,391000
18,32,11.7,6.5,90000,1053000,585000
19,31,10.9,6.1,90000,981000,549000
20,30,10.1,5.7,90000,909000,513000
21,29,9.3,5.4,90000,837000,486000
22,28,8.6,5.1,90000,774000,459000
23,27,8.0,4.8,90000,720000,432000
24,26,7.4,4.5,90000,666000,405000
25,25,6.8,0.3,90000,612000,387000
